0 0.4875 0.66953125 0.14921875 0.6609375
0 0.07890625 0.67890625 0.04921875 0.30625
0 0.1234375 0.6765625 0.03359375 0.3203125
0 0.24609375 0.65703125 0.034375 0.14765625
0 0.30234375 0.65390625 0.0453125 0.1296875
0 0.86875 0.61171875 0.16875 0.7765625
0 0.7390625 0.67578125 0.125 0.6484375
0 0.66640625 0.68671875 0.06640625 0.51640625
0 0.60390625 0.67421875 0.075 0.496875
0 0.1921875 0.65625 0.03359375 0.1640625
0 0.3921875 0.71015625 0.0765625 0.50859375
0 0.021875 0.64375 0.0203125 0.1
0 0.03984375 0.63828125 0.01953125 0.08046875