1 0.02890625 0.7140625 0.03203125 0.11875
1 0.1140625 0.8796875 0.046875 0.240625
1 0.1765625 0.7234375 0.06953125 0.0359375
1 0.196875 0.77734375 0.03984375 0.15
0 0.03046875 0.63984375 0.04453125 0.29140625
1 0.075 0.7625 0.0296875 0.14453125
0 0.11484375 0.71328125 0.065625 0.5703125
0 0.16328125 0.68828125 0.0671875 0.4625
0 0.2109375 0.6796875 0.05703125 0.3796875
1 0.35 0.90390625 0.071875 0.1921875
0 0.36640625 0.72890625 0.1203125 0.54140625
0 0.9171875 0.7421875 0.140625 0.515625
2 0.55390625 0.70546875 0.06953125 0.4046875
2 0.7453125 0.7390625 0.090625 0.521875
2 0.62109375 0.7 0.05859375 0.3703125
2 0.48515625 0.6796875 0.03359375 0.2125